0.4082174301147461
0.19621586799621582
0.1801767349243164
0.12407565116882324
0.1813497543334961
0.18204689025878906
0.12488341331481934
0.18712520599365234
0.1574997901916504
0.12395906448364258
0.19672179222106934
0.18504881858825684
0.12770724296569824
0.1811816692352295
0.18011260032653809
0.12678837776184082
0.12283825874328613
0.15895986557006836
0.18534183502197266
0.17352867126464844
0.13321352005004883
0.1773381233215332
0.18471741676330566
0.12724614143371582
0.1235206127166748
0.18317341804504395
0.18356919288635254
0.1295616626739502
0.1275625228881836
0.1800682544708252
0.1818256378173828
0.12625336647033691
0.18191218376159668
0.17345452308654785
0.12665557861328125
0.20180988311767578
0.12528061866760254
0.18451857566833496
0.16959762573242188
0.1332378387451172
0.18328475952148438
0.18731117248535156
0.12661194801330566
0.17633724212646484
0.1800827980041504
0.1234731674194336
0.12256145477294922
0.18419432640075684
0.18431854248046875
0.12396097183227539
0.18553423881530762
0.16633272171020508
0.12436938285827637
0.12535381317138672
0.1732325553894043
0.17285394668579102
0.13135290145874023
0.18103456497192383
0.1648256778717041
0.12660503387451172
0.16046929359436035
0.1842660903930664
0.12705731391906738
0.19572210311889648
0.14566922187805176
0.1272444725036621
0.1949620246887207
0.16555428504943848
0.12407231330871582
0.2094871997833252
0.13620662689208984
0.12358689308166504
0.18997764587402344
0.16305136680603027
0.12392568588256836
0.20019268989562988
0.1514134407043457
0.133925199508667
0.186126708984375
0.1555924415588379
0.12479591369628906
0.12634992599487305
0.19747185707092285
0.14714550971984863
0.12220406532287598
0.12608575820922852
0.1788163185119629
0.17099499702453613
0.13322067260742188
0.1711423397064209
0.1892414093017578
0.12685394287109375
0.1275641918182373
0.18635344505310059
0.18791866302490234
0.1291959285736084
0.13077569007873535
0.18779873847961426
0.16769099235534668
0.14387822151184082
0.12366747856140137
0.17810559272766113
0.14687275886535645
0.13135480880737305
0.13304758071899414
0.18092823028564453
0.14854812622070312
0.14669489860534668
0.17914915084838867
0.1637434959411621
0.12136292457580566
0.1772162914276123
0.1573333740234375
0.12149524688720703
0.1703052520751953
0.16022205352783203
0.12472271919250488
0.18433809280395508
0.1592860221862793
0.12716889381408691
0.18610596656799316
0.1524496078491211
0.12499785423278809
0.181687593460083
0.16511940956115723
0.1299746036529541
0.18013691902160645
0.14776062965393066
0.16786980628967285
0.18565011024475098
0.12730622291564941
0.16378140449523926
0.17222881317138672
0.1202995777130127
0.16693377494812012
0.16219830513000488
0.12207198143005371
0.17214465141296387
0.1882791519165039
0.13223576545715332
0.16745233535766602
0.19364428520202637
0.14992785453796387
0.19792795181274414
0.17881417274475098
0.15827441215515137
0.12483596801757812
0.191544771194458
0.18370437622070312
0.13176274299621582
0.13181614875793457
0.18249988555908203
0.18704891204833984
0.1249232292175293
0.1273491382598877
0.16323375701904297
0.1855318546295166
0.13082170486450195
0.12894773483276367
0.17682218551635742
0.19765353202819824
0.13008975982666016
0.18230700492858887
0.18024325370788574
0.12428092956542969
0.21350336074829102
0.23013544082641602
0.12540674209594727
0.12275195121765137
0.3855557441711426
0.1869800090789795
0.19419074058532715
0.12283706665039062
0.18822240829467773
0.1850442886352539
0.13080191612243652
0.14216351509094238
0.2075793743133545
0.15412497520446777
0.1310875415802002
0.12325406074523926
0.200911283493042
0.14351725578308105
0.1244966983795166
0.1657392978668213
0.18559670448303223
0.1441657543182373
0.18167328834533691
0.19445276260375977
0.12352275848388672
0.19657683372497559
0.17995882034301758
0.12239766120910645
0.12230801582336426
0.19012236595153809
0.18186354637145996
0.12384557723999023
0.1245429515838623
0.19517922401428223
0.15960359573364258
0.12578654289245605
0.1851668357849121
0.18140888214111328
0.12385821342468262
0.18099713325500488
0.18525028228759766
0.13362383842468262
0.1957085132598877
0.19519615173339844
0.13311529159545898
0.18606066703796387
0.18696284294128418
0.12957096099853516
0.18390655517578125
0.18993520736694336
0.1279277801513672
0.18384146690368652
0.17113256454467773
0.1244814395904541
0.19681167602539062
0.14500045776367188
0.12464380264282227
0.19877195358276367
0.13900494575500488
0.17226958274841309
0.18567228317260742
0.13062596321105957
0.1281895637512207
0.1755504608154297
0.19833016395568848
0.1468980312347412
0.1278390884399414
0.13002228736877441
0.16410541534423828
0.1953895092010498
0.17243361473083496
0.1353607177734375
0.12321901321411133
0.17494869232177734
0.18253111839294434
0.12104082107543945
0.1232450008392334
0.12255239486694336
0.18115234375
0.18030953407287598
0.13811230659484863
0.12434935569763184
0.12258505821228027
0.18580269813537598
0.18036341667175293
0.1210012435913086
0.129852294921875
0.17800498008728027
0.19060802459716797
0.13117766380310059
0.20547986030578613
0.1279768943786621
0.13059258460998535
0.13763785362243652
0.17122316360473633
0.12420296669006348
0.1314232349395752
0.13232207298278809
0.13447785377502441
0.19112086296081543
0.19471240043640137
0.12836337089538574
0.18032455444335938
0.18021821975708008
0.12699317932128906
0.12451434135437012
0.12491011619567871
0.1814734935760498
0.1873173713684082
0.12606525421142578
0.1259446144104004
0.1758885383605957
0.1819775104522705
0.13271665573120117
0.12807202339172363
0.18679094314575195
0.18684124946594238
0.1256861686706543
0.12473344802856445
0.17759203910827637
0.18381023406982422
0.12725377082824707
0.17179083824157715
0.16702556610107422
0.18468189239501953
0.14599394798278809
0.12301278114318848
0.1794724464416504
0.17940759658813477
0.17092108726501465
0.12208104133605957
0.12214922904968262
0.17825579643249512
0.1836252212524414
0.1652531623840332
0.11966776847839355
