0.3715956211090088
0.15453457832336426
0.06880569458007812
0.06468844413757324
0.13560247421264648
0.06779932975769043
0.0673074722290039
0.13590168952941895
0.0684366226196289
0.06473255157470703
0.141737699508667
0.06396985054016113
0.057785987854003906
0.1281449794769287
0.07547831535339355
0.06613016128540039
0.1348247528076172
0.06625699996948242
0.06330442428588867
0.13410401344299316
0.06370949745178223
0.06428170204162598
0.10762786865234375
0.1216576099395752
0.07281851768493652
0.06673765182495117
0.13869476318359375
0.06624531745910645
0.06882524490356445
0.13158655166625977
0.06204843521118164
0.05997037887573242
0.11404299736022949
0.08695578575134277
0.059661865234375
0.061142921447753906
0.08815646171569824
0.12007308006286621
0.09158658981323242
0.06134390830993652
0.08752942085266113
0.14272832870483398
0.09913420677185059
0.06949567794799805
0.061263084411621094
0.11256098747253418
0.10295367240905762
0.062166452407836914
0.05781698226928711
0.14577627182006836
0.07065010070800781
0.06477522850036621
0.12607145309448242
0.11606621742248535
0.0817863941192627
0.06543970108032227
0.128737211227417
0.09392309188842773
0.06495308876037598
0.14940094947814941
0.05963611602783203
0.06212449073791504
0.11391806602478027
0.11676931381225586
0.07355380058288574
0.10173487663269043
0.1300358772277832
0.10422849655151367
0.06762909889221191
0.06558847427368164
0.12193727493286133
0.08382272720336914
0.05919504165649414
0.06368279457092285
0.11158442497253418
0.10346174240112305
0.06707119941711426
0.12265396118164062
0.08297204971313477
0.06087779998779297
0.10704588890075684
0.11323285102844238
0.0662078857421875
0.07185125350952148
0.1393444538116455
0.06429362297058105
0.1273043155670166
0.09940123558044434
0.06312823295593262
0.1300051212310791
0.07198286056518555
0.10652351379394531
0.1499326229095459
0.1086275577545166
0.06618022918701172
0.10844182968139648
0.09381961822509766
0.06436848640441895
0.06126761436462402
0.12400269508361816
0.06388497352600098
0.05989193916320801
0.11418652534484863
0.12102198600769043
0.07149553298950195
0.07001829147338867
0.10430216789245605
0.11657881736755371
0.062195539474487305
0.06110239028930664
0.11623406410217285
0.08238482475280762
0.060678720474243164
0.1352388858795166
0.08175921440124512
0.06815838813781738
0.1100618839263916
0.12134647369384766
0.07017993927001953
0.06465935707092285
0.14072155952453613
0.06429791450500488
0.06214094161987305
0.06026172637939453
0.11268043518066406
0.12041878700256348
0.08145260810852051
0.06667804718017578
0.13554692268371582
0.06641292572021484
0.06032896041870117
0.13013195991516113
0.05666184425354004
0.058537960052490234
0.20433712005615234
0.15319442749023438
0.06460428237915039
0.12119388580322266
0.10823702812194824
0.07271480560302734
0.07436919212341309
0.1396946907043457
0.06139993667602539
0.135819673538208
0.06614255905151367
0.16562175750732422
0.07236766815185547
0.10031604766845703
0.11011242866516113
0.06336379051208496
0.06224465370178223
0.10100483894348145
0.11879587173461914
0.08179020881652832
0.12083840370178223
0.09116053581237793
0.05953860282897949
0.09301090240478516
0.13352203369140625
0.10441851615905762
0.0637209415435791
0.07364273071289062
0.13314175605773926
0.11931467056274414
0.07414889335632324
0.06337285041809082
0.13998746871948242
0.07342410087585449
0.11575460433959961
0.13619613647460938
0.06688284873962402
0.12242341041564941
0.13304519653320312
0.0703732967376709
0.1481928825378418
0.12836742401123047
0.11029267311096191
0.0675344467163086
0.09817028045654297
0.12752127647399902
0.0578770637512207
0.11501502990722656
0.06544852256774902
0.061580657958984375
0.11656880378723145
0.0644371509552002
0.13721561431884766
0.06443905830383301
0.11689925193786621
0.08128190040588379
0.06036949157714844
0.12818145751953125
0.0734100341796875
0.11899995803833008
0.07146596908569336
0.13361859321594238
0.06251335144042969
0.11698508262634277
0.0647420883178711
0.06462693214416504
0.12300872802734375
0.06287813186645508
0.06281661987304688
0.11959218978881836
0.05912899971008301
0.09006261825561523
0.1072378158569336
0.06285357475280762
0.062007904052734375
0.11167526245117188
0.060079336166381836
0.05812382698059082
0.1138923168182373
0.06211996078491211
0.10371279716491699
0.3306300640106201
0.13997292518615723
0.056475162506103516
0.1250298023223877
0.059049129486083984
0.12723612785339355
0.060118675231933594
0.12428474426269531
0.05872178077697754
0.10942769050598145
0.056891679763793945
0.056635379791259766
0.09866023063659668
0.0719761848449707
0.06463360786437988
0.27094054222106934
0.10577011108398438
0.12970757484436035
0.07185101509094238
0.13403964042663574
0.0627284049987793
0.12917828559875488
0.0644524097442627
0.08810710906982422
0.11913228034973145
0.0566098690032959
0.058921098709106445
0.09936928749084473
0.08636999130249023
0.056822776794433594
0.09677624702453613
0.1033163070678711
0.06513810157775879
0.13988447189331055
0.06165122985839844
0.09106969833374023
0.13850784301757812
0.06624770164489746
0.10775589942932129
0.12341880798339844
0.059183359146118164
0.0576937198638916
0.1123056411743164
0.06859016418457031
0.09842038154602051
0.11003661155700684
0.06008100509643555
0.058469295501708984
0.11413836479187012
0.06729674339294434
0.06493258476257324
0.09083080291748047
0.11938691139221191
0.07580137252807617
0.06284260749816895
0.13613438606262207
0.06660270690917969
0.1040494441986084
0.1223301887512207
0.0777895450592041
0.07283377647399902
0.09991121292114258
0.12512993812561035
0.08182430267333984
0.07491517066955566
0.1300814151763916
0.1101839542388916
0.06812524795532227
0.13878536224365234
0.062175750732421875
0.12768220901489258
0.0678098201751709
0.12973833084106445
0.05972695350646973
0.10222434997558594
0.11871600151062012
0.0832524299621582
0.07629251480102539
0.10178685188293457
0.12876677513122559
0.0948328971862793
0.061043739318847656
0.14882588386535645
0.06593751907348633
0.13990211486816406
0.0637357234954834
